1940		1094.13386	228.58277	228.58277	3570.30532								
1941		1098.93990	237.57986	230.8685969	3570.30532								
1942		1104.28000	246.99870	233.1772829	3570.30532								
1943		1109.62000	256.83930	235.5090557	3570.30532								
1944		1114.96000	267.10163	237.8641463	3570.30532								
1945		1120.30010	277.78569	240.2427877	3570.30532								
1946		1125.64000	289.03208	242.6452156	3570.30532								
1947		1130.98000	300.70020	245.0716678	3570.30532								
1948		1136.32000	312.79006	247.5223844	3570.30532								
1949		1141.66000	325.58283	249.9976083	3570.30532								
1950		1147.00000	338.79734	252.4975844	3570.30532								
1951		1159.08000	352.57415	255.0225602	3570.30532								
1952		1171.16000	367.05387	257.5727858	3570.30532								
1953		1183.24000	382.09590	260.1485137	3570.30532								
1954		1195.32000	397.70027	262.7499988	3570.30532								
1955		1207.40000	414.14809	265.3774988	3570.30532								
1956		1219.48000	431.15826	268.0312738	3570.30532								
1957		1231.56010	449.01188	270.7115865	3570.30532								
1958		1243.64000	467.56840	273.4187024	3570.30532								
1959		1255.72000	486.96843	276.1528894	3570.30532								
1960		1267.80010	507.35250	278.9144183	3570.30532								
1961		1279.88000	528.43949	281.7035625	3570.30532								
1962		1291.96000	550.51053	284.5205981	3570.30532								
1963		1304.04000	573.42502	287.3658041	3570.30532								
1964		1316.12000	597.46419	290.2394621	3570.30532								
1965		1328.20000	622.48735	293.1418567	3570.30532								
1966		1340.28000	648.63519	296.0732753	3570.30532								
1967		1352.36000	675.90771	299.0340081	3570.30532								
1968		1364.43990	704.30480	302.0243481	3570.30532								
1969		1376.52000	733.96716	305.0445916	3570.30532								
1970		1388.60000	764.89472	308.0950375	3570.30532								
1971		1400.68010	797.22803	311.1759879	3570.30532								
1972		1412.76000	886.77744	314.2877478	3570.30532								
1973		1424.84000	949.89768	317.4306253	3570.30532								
1974		1436.92000	979.98179	320.6049315	3570.30532								
1975		1449.00000	1049.42830	323.8109808	3570.30532								
1976		1461.08000	1131.24575	327.0490907	3570.30532								
1977		1473.16000	1191.13269	330.3195816	3570.30532								
1978		1485.24000	1340.28777	333.6227774	3570.30532								
1979		1497.32000	1492.67641	336.9590052	3570.30532								
1980		1509.40000	1508.14011	340.3285952	3570.30532								
1981		1521.48000	1524.16616	343.7318812	3570.30532								
1982		1533.56010	1529.78945	347.1692	3570.30532								
1983		1545.64000	1567.88658	350.640892	3570.30532								
1984		1557.72000	1656.03014	354.1473009	3570.30532								
1985		1569.80010	1742.20551	357.6887739	3570.30532								
1986		1581.88000	1819.94631	361.2656616	3570.30532								
1987		1593.96000	1958.97959	364.8783182	3570.30532								
1988		1606.04000	2067.36664	368.5271014	3570.30532								
1989		1618.12000	2115.58546	372.2123724	3570.30532								
1990		1630.20000	2221.44219	375.9344962	3570.30532								
1991		1642.28000	2128.23768	379.6938411	3570.30532								
1992		1654.36000	2188.54638	383.4907795	3570.30532								
1993		1666.43990	2174.76948	387.3256873	3570.30532								
1994		1678.52000	2304.52458	391.1989442	3570.30532								
1995		1690.60000	2426.12618	395.1109337	3570.30532								
1996		1702.68010	2581.32620	399.062043	3570.30532								
1997		1714.76000	2685.63639	403.0526634	3570.30532								
1998		1726.84000	2697.72627	407.0831901	3570.30532								
1999		1738.92000	2824.10776	411.154022	3570.30532								
2000		1751.00000	3015.15554	415.2655622	3570.30532								
2001		1751.60000	2878.93375	419.4182178	3570.30532								
2002		1752.20000	2903.81632	423.6124	3570.30532								
2003		1752.80010	2954.28450	427.848524	3570.30532								
2004		1753.40000	3348.47039	432.1270092	3570.30532								
2005		1754.00000	3570.30532	436.4482793	3570.30532								
2006		1775.91110	3735.34586	440.8127621	3570.30532								
2007		1797.82230	3979.25209	445.2208897	3570.30532								
2008		1819.73330	3994.57510	449.6730986	3570.30532								
2009		1841.64440	3885.20407	454.1698296	3570.30532								
2010		1863.55550	4122.78388	458.7115279	3570.30532								
2011		1885.46670	4318.75182	463.2986432	3570.30532								
2012		1907.37780	4515.84530	467.9316296	3570.30532								
2013		1929.28890	4743.30341	472.6109459	3570.30532								
2014		1951.20000	5005.20324	477.3370554	3570.30532								
2015		1973.11110	5357.77747	482.1104259	3570.30532								
2016		1995.02220	5728.90807	486.9315302	3570.30532								
2017		2016.93340	6156.55189	491.8008455	3570.30532								
2018		2038.84450	6580.25933	496.7188539	3570.30532								
2019		2060.75560	6854.95228	501.6860425	3570.30532								
2020		2082.66680	7118.68025	506.7029029	3570.30532								
2021		2104.57790	7376.08178	511.7699319	3570.30532								
2022		2126.48880	7619.28456	516.8876312	3570.30532								
2023		2148.39990	7845.05608	522.0565076	3570.30532								
2024		2170.31100	8049.88034	527.2770726	3570.30532								
2025		2192.22220	8230.52527	532.5498434	3570.30532								
2026		2214.13330	8402.03250	537.8753418	3570.30532								
2027		2236.04440	8573.11894	543.2540952	3570.30532								
2028		2257.95560	8743.64175	548.6866362	3570.30532								
2029		2279.86670	8913.18186	554.1735025	3570.30532								
2030		2301.77780	9081.87782	559.7152376	3570.30532								
2031		2323.68900	9256.75823	565.3123899	3570.30532								
2032		2345.60010	9429.95205	570.9655138	3570.30532								
2033		2367.51120	9601.17875	576.675169	3570.30532								
2034		2389.42210	9770.29636	582.4419207	3570.30532								
2035		2411.33330	9937.02348	588.2663399	3570.30532								
2036		2433.24440	10095.59818	594.1490033	3570.30532								
2037		2455.15550	10248.83001	600.0904933	3570.30532								
2038		2477.06670	10396.43843	606.0913982	3570.30532								
2039		2498.97780	10538.14294	612.1523122	3570.30532								
2040		2520.88890	10673.52186	618.2738353	3570.30532								
2041		2542.80010	10802.57351	624.4565737	3570.30532								
2042		2564.71120	10923.89436	630.7011394	3570.30532								
2043		2586.62230	11037.34247	637.0081508	3570.30532								
2044		2608.53350	11142.63643	643.3782323	3570.30532								
2045		2630.44430	11239.49572	649.8120146	3570.30532								
2046		2652.35550	11315.12807	656.3101348	3570.30532								
2047		2674.26660	11386.82362	662.8732361	3570.30532								
2048		2696.17770	11454.30183	669.5019685	3570.30532								
2049		2718.08890	11517.70297	676.1969882	3570.30532								
2050		2740.00000	11576.74651	682.9589581	3570.30532								
2051		2760.22000	11694.69334	689.7885477	3570.30532								
2052		2780.43990	11743.75588	696.6864331	3570.30532								
2053		2800.65990	11793.09895	703.6532975	3570.30532								
2054		2820.87990	11842.86453	710.6898304	3570.30532								
2055		2841.10010	11892.91064	717.7967287	3570.30532								
2056		2861.32010	11943.23813	724.974696	3570.30532								
2057		2881.54000	11993.98726	732.224443	3570.30532								
2058		2901.76000	12045.01778	739.5466874	3570.30532								
2059		2921.98000	12096.46995	746.9421543	3570.30532								
2060		2942.20000	12148.20436	754.4115758	3570.30532								
2061		2962.41990	12200.21759	761.9556916	3570.30532								
2062		2982.63990	12252.65502	769.5752485	3570.30532								
2063		3002.86010	12305.37214	777.271001	3570.30532								
2064		3023.08010	12358.51090	785.043711	3570.30532								
2065		3043.30010	12412.07216	792.8941481	3570.30532								
2066		3063.52000	12465.91395	800.8230896	3570.30532								
2067		3083.74000	12520.03713	808.8313205	3570.30532								
2068		3103.96000	12574.72307	816.9196337	3570.30532								
2069		3124.17990	12629.54928	825.08883	3570.30532								
2070		3144.39990	12684.93740	833.3397183	3570.30532								
2071		3164.62010	12740.60690	841.6731155	3570.30532								
2072		3184.84010	12796.55779	850.0898467	3570.30532								
2073		3205.06010	12852.93033	858.5907451	3570.30532								
2074		3225.28000	12909.72451	867.1766526	3570.30532								
2075		3245.50000	12966.94034	875.8484191	3570.30532								
2076		3265.72000	13025.56224	884.6069033	3570.30532								
2077		3285.93990	13084.60578	893.4529723	3570.30532								
2078		3306.15990	13144.07097	902.3875021	3570.30532								
2079		3326.37990	13203.81754	911.4113771	3570.30532								
2080		3346.60010	13263.98576	920.5254909	3570.30532								
2081		3366.82010	13324.71675	929.7307458	3570.30532								
2082		3387.04000	13385.72742	939.0280532	3570.30532								
2083		3407.26000	13447.16058	948.4183337	3570.30532								
2084		3427.48000	13509.01625	957.9025171	3570.30532								
2085		3447.70000	13571.29357	967.4815423	3570.30532								
2086		3467.91990	13633.99168	977.1563577	3570.30532								
2087		3488.13990	13697.11229	986.9279213	3570.30532								
2088		3508.36010	13760.65370	996.7972005	3570.30532								
2089		3528.58010	13824.61846	1006.765172	3570.30532								
2090		3548.80010	13889.00316	1016.832824	3570.30532								
2091		3569.02000	13953.95063	1027.001152	3570.30532								
2092		3589.24000	14019.18034	1037.271164	3570.30532								
2093		3609.46000	14084.97110	1047.643876	3570.30532								
2094		3629.67990	14151.04411	1058.120314	3570.30532								
2095		3649.89990	14217.67902	1068.701518	3570.30532								
2096		3670.12010	14284.73559	1079.388533	3570.30532								
2097		3690.34010	14352.35406	1090.182418	3570.30532								
2098		3710.56010	14420.25564	1101.084242	3570.30532								
2099		3730.78000	14488.71655	1112.095085	3570.30532								
2100		3751.00000	14557.60168	1123.216035	3570.30532								
