1940 1094.13 228.583 228.583 3570.31
1941 1098.94 237.58 230.869 3570.31
1942 1104.28 246.999 233.177 3570.31
1943 1109.62 256.839 235.509 3570.31
1944 1114.96 267.102 237.864 3570.31
1945 1120.3 277.786 240.243 3570.31
1946 1125.64 289.032 242.645 3570.31
1947 1130.98 300.7 245.072 3570.31
1948 1136.32 312.79 247.522 3570.31
1949 1141.66 325.583 249.998 3570.31
1950 1147 338.797 252.498 3570.31
1951 1159.08 352.574 255.023 3570.31
1952 1171.16 367.054 257.573 3570.31
1953 1183.24 382.096 260.149 3570.31
1954 1195.32 397.7 262.75 3570.31
1955 1207.4 414.148 265.377 3570.31
1956 1219.48 431.158 268.031 3570.31
1957 1231.56 449.012 270.712 3570.31
1958 1243.64 467.568 273.419 3570.31
1959 1255.72 486.968 276.153 3570.31
1960 1267.8 507.353 278.914 3570.31
1961 1279.88 528.439 281.704 3570.31
1962 1291.96 550.511 284.521 3570.31
1963 1304.04 573.425 287.366 3570.31
1964 1316.12 597.464 290.239 3570.31
1965 1328.2 622.487 293.142 3570.31
1966 1340.28 648.635 296.073 3570.31
1967 1352.36 675.908 299.034 3570.31
1968 1364.44 704.305 302.024 3570.31
1969 1376.52 733.967 305.045 3570.31
1970 1388.6 764.895 308.095 3570.31
1971 1400.68 797.228 311.176 3570.31
1972 1412.76 886.777 314.288 3570.31
1973 1424.84 949.898 317.431 3570.31
1974 1436.92 979.982 320.605 3570.31
1975 1449 1049.43 323.811 3570.31
1976 1461.08 1131.25 327.049 3570.31
1977 1473.16 1191.13 330.32 3570.31
1978 1485.24 1340.29 333.623 3570.31
1979 1497.32 1492.68 336.959 3570.31
1980 1509.4 1508.14 340.329 3570.31
1981 1521.48 1524.17 343.732 3570.31
1982 1533.56 1529.79 347.169 3570.31
1983 1545.64 1567.89 350.641 3570.31
1984 1557.72 1656.03 354.147 3570.31
1985 1569.8 1742.21 357.689 3570.31
1986 1581.88 1819.95 361.266 3570.31
1987 1593.96 1958.98 364.878 3570.31
1988 1606.04 2067.37 368.527 3570.31
1989 1618.12 2115.59 372.212 3570.31
1990 1630.2 2221.44 375.934 3570.31
1991 1642.28 2128.24 379.694 3570.31
1992 1654.36 2188.55 383.491 3570.31
1993 1666.44 2174.77 387.326 3570.31
1994 1678.52 2304.52 391.199 3570.31
1995 1690.6 2426.13 395.111 3570.31
1996 1702.68 2581.33 399.062 3570.31
1997 1714.76 2685.64 403.053 3570.31
1998 1726.84 2697.73 407.083 3570.31
1999 1738.92 2824.11 411.154 3570.31
2000 1751 3015.16 415.266 3570.31
2001 1751.6 2878.93 419.418 3570.31
2002 1752.2 2903.82 423.612 3570.31
2003 1752.8 2954.28 427.849 3570.31
2004 1753.4 3348.47 432.127 3570.31
2005 1754 3570.31 436.448 3570.31
2006 1775.91 3735.35 440.813 3570.31
2007 1797.82 3979.25 445.221 3570.31
2008 1819.73 3994.58 449.673 3570.31
2009 1841.64 3885.2 454.17 3570.31
2010 1863.56 4122.78 458.712 3570.31
2011 1885.47 4318.75 463.299 3570.31
2012 1907.38 4515.85 467.932 3570.31
2013 1929.29 4743.3 472.611 3570.31
2014 1951.2 5005.2 477.337 3570.31
2015 1973.11 5357.78 482.11 3570.31
2016 1995.02 5728.91 486.932 3570.31
2017 2016.93 6156.55 491.801 3570.31
2018 2038.84 6580.26 496.719 3570.31
2019 2060.76 6854.95 501.686 3570.31
2020 2082.67 7118.68 506.703 3570.31
2021 2104.58 7376.08 511.77 3570.31
2022 2126.49 7619.28 516.888 3570.31
2023 2148.4 7845.06 522.057 3570.31
2024 2170.31 8049.88 527.277 3570.31
2025 2192.22 8230.53 532.55 3570.31
2026 2214.13 8402.03 537.875 3570.31
2027 2236.04 8573.12 543.254 3570.31
2028 2257.96 8743.64 548.687 3570.31
2029 2279.87 8913.18 554.174 3570.31
2030 2301.78 9081.88 559.715 3570.31
2031 2323.69 9256.76 565.312 3570.31
2032 2345.6 9429.95 570.966 3570.31
2033 2367.51 9601.18 576.675 3570.31
2034 2389.42 9770.3 582.442 3570.31
2035 2411.33 9937.02 588.266 3570.31
2036 2433.24 10095.6 594.149 3570.31
2037 2455.16 10248.8 600.09 3570.31
2038 2477.07 10396.4 606.091 3570.31
2039 2498.98 10538.1 612.152 3570.31
2040 2520.89 10673.5 618.274 3570.31
2041 2542.8 10802.6 624.457 3570.31
2042 2564.71 10923.9 630.701 3570.31
2043 2586.62 11037.3 637.008 3570.31
2044 2608.53 11142.6 643.378 3570.31
2045 2630.44 11239.5 649.812 3570.31
2046 2652.36 11315.1 656.31 3570.31
2047 2674.27 11386.8 662.873 3570.31
2048 2696.18 11454.3 669.502 3570.31
2049 2718.09 11517.7 676.197 3570.31
2050 2740 11576.7 682.959 3570.31
2051 2760.22 11694.7 689.789 3570.31
2052 2780.44 11743.8 696.686 3570.31
2053 2800.66 11793.1 703.653 3570.31
2054 2820.88 11842.9 710.69 3570.31
2055 2841.1 11892.9 717.797 3570.31
2056 2861.32 11943.2 724.975 3570.31
2057 2881.54 11994 732.224 3570.31
2058 2901.76 12045 739.547 3570.31
2059 2921.98 12096.5 746.942 3570.31
2060 2942.2 12148.2 754.412 3570.31
2061 2962.42 12200.2 761.956 3570.31
2062 2982.64 12252.7 769.575 3570.31
2063 3002.86 12305.4 777.271 3570.31
2064 3023.08 12358.5 785.044 3570.31
2065 3043.3 12412.1 792.894 3570.31
2066 3063.52 12465.9 800.823 3570.31
2067 3083.74 12520 808.831 3570.31
2068 3103.96 12574.7 816.92 3570.31
2069 3124.18 12629.5 825.089 3570.31
2070 3144.4 12684.9 833.34 3570.31
2071 3164.62 12740.6 841.673 3570.31
2072 3184.84 12796.6 850.09 3570.31
2073 3205.06 12852.9 858.591 3570.31
2074 3225.28 12909.7 867.177 3570.31
2075 3245.5 12966.9 875.848 3570.31
2076 3265.72 13025.6 884.607 3570.31
2077 3285.94 13084.6 893.453 3570.31
2078 3306.16 13144.1 902.388 3570.31
2079 3326.38 13203.8 911.411 3570.31
2080 3346.6 13264 920.525 3570.31
2081 3366.82 13324.7 929.731 3570.31
2082 3387.04 13385.7 939.028 3570.31
2083 3407.26 13447.2 948.418 3570.31
2084 3427.48 13509 957.903 3570.31
2085 3447.7 13571.3 967.482 3570.31
2086 3467.92 13634 977.156 3570.31
2087 3488.14 13697.1 986.928 3570.31
2088 3508.36 13760.7 996.797 3570.31
2089 3528.58 13824.6 1006.77 3570.31
2090 3548.8 13889 1016.83 3570.31
2091 3569.02 13954 1027 3570.31
2092 3589.24 14019.2 1037.27 3570.31
2093 3609.46 14085 1047.64 3570.31
2094 3629.68 14151 1058.12 3570.31
2095 3649.9 14217.7 1068.7 3570.31
2096 3670.12 14284.7 1079.39 3570.31
2097 3690.34 14352.4 1090.18 3570.31
2098 3710.56 14420.3 1101.08 3570.31
2099 3730.78 14488.7 1112.1 3570.31
2100 3751 14557.6 1123.22 3570.31
